0 25
1 24
2 25
3 24
4 23
5 24
6 25
7 24
8 25
9 26
10 27
11 26
12 27
13 26
14 27
15 28
16 27
17 26
18 27
19 28
20 27
21 28
22 27
23 28
24 29
25 30
26 31
27 32
28 31
29 32
30 31
31 30
32 31
33 32
34 31
35 32
36 31
37 32
38 31
39 30
40 31
41 30
42 31
43 30
44 29
45 28
46 29
47 28
48 27
49 28
50 27
51 26
52 25
53 26
54 25
55 24
56 25
57 24
58 25
59 26
60 27
61 26
62 25
63 24
64 25
65 24
66 25
67 26
68 27
69 26
70 25
71 24
72 25
73 26
74 27
75 28
76 27
77 26
78 27
79 28
80 27
81 26
82 27
83 28
84 29
85 30
86 29
87 30
88 31
89 30
90 29
91 30
92 29
93 30
94 29
95 28
96 27
97 28
98 29
99 28
100 27
101 28
102 27
103 26
104 25
105 24
106 23
107 22
108 23
109 22
110 23
111 24
112 25
113 24
114 23
115 22
116 23
117 22
118 21
119 20
120 19
121 18
122 19
123 18
124 17
125 16
126 17
127 18
128 19
129 20
130 21
131 20
132 19
133 20
134 19
135 18
136 19
137 20
138 21
139 20
140 19
141 20
142 19
143 18
144 17
145 18
146 19
147 20
148 21
149 22
150 21
151 22
152 21
153 20
154 19
155 18
156 19
157 20
158 21
159 20
160 19
161 18
162 17
163 16
164 17
165 16
166 15
167 14
168 15
169 16
170 15
171 16
172 17
173 18
174 17
175 16
176 17
177 16
178 17
179 16
180 17
181 16
182 15
183 16
184 15
185 14
186 15
187 16
188 15
189 16
190 17
191 16
192 17
193 16
194 15
195 14
196 13
197 12
198 11
199 10
200 11
201 12
202 11
203 12
204 11
205 10
206 9
207 8
208 7
209 6
210 5
211 4
212 5
213 6
214 5
215 6
216 5
217 4
218 5
219 4
220 3
221 2
222 3
223 2
224 1
